50
10
0.99 0.43 0.40 0.75 0.46 0.37 0.19 0.98 0.17 0.26
0.90 0.10 0.64 0.77 0.38 0.07 0.55 0.21 0.33 0.18
10
0.16 0.07 0.11 0.06 0.28 0.31 0.20 0.02 0.08 0.17
0.69 0.89 0.73 0.66 0.60 0.68 0.99 0.44 0.46 0.52
10
0.262 0.039 0.078 0.233 0.301 0.272 0.417 0.214 0.019 0.126
0.670 0.757 0.602 0.680 0.524 0.476 0.592 0.427 0.777 0.660
5
0.95 0.17 0.14 0.59 0.45
0.53 0.55 0.10 0.88 0.67
9
0.776 0.850 0.523 0.879 0.514 0.981 0.477 0.869 0.804
0.028 0.206 0.458 0.112 0.346 0.383 0.019 0.393 0.430
8
0.88 0.69 0.26 0.07 0.48 0.24 0.21 0.43
0.45 0.50 0.55 0.29 0.98 0.76 0.12 0.14
8
0.89 0.96 0.86 0.93 0.79 0.71 0.68 0.82
0.64 0.54 0.46 0.07 0.29 0.43 0.36 0.14
10
0.87 0.71 0.58 0.04 0.25 0.79 0.96 0.92 0.75 0.54
0.29 0.17 0.08 0.38 0.83 0.50 0.62 0.67 0.21 0.12
10
0.42 0.70 0.39 0.63 0.21 0.77 0.60 0.57 0.09 0.15
0.50 0.34 0.26 0.37 0.08 0.41 0.55 0.64 0.54 0.20
10
0.873 0.856 0.525 0.042 0.424 0.780 0.025 0.220 0.059 0.254
0.712 0.127 0.466 0.068 0.212 0.246 0.102 0.949 0.305 0.678
10
0.73 0.05 0.25 0.71 0.07 0.06 0.51 0.99 0.20 0.82
0.61 0.68 0.94 0.11 0.64 0.32 0.37 0.81 0.15 0.24
10
0.93 0.98 0.30 0.23 0.80 0.05 0.07 0.43 0.25 0.13
0.28 0.53 0.38 0.67 0.47 0.35 0.18 0.32 0.55 0.78
4
0.06 0.65 0.40 0.81
0.90 0.12 0.25 0.17
10
0.17 0.04 0.25 0.21 0.42 0.38 0.08 0.29 0.12 0.33
0.79 0.96 0.75 0.50 0.92 0.58 0.54 0.71 0.83 0.46
10
0.850 0.738 0.112 0.075 0.897 0.327 0.224 0.402 0.794 0.009
0.140 0.196 0.766 0.467 0.336 0.505 0.664 0.103 0.215 0.654
4
0.73 0.12 0.46 0.50
0.65 0.08 0.42 0.88
5
0.73 0.14 0.77 0.45 0.86
0.05 0.64 0.36 0.91 0.95
10
0.99 0.13 0.20 0.01 0.57 0.46 0.41 0.87 0.86 0.67
0.59 0.80 0.54 0.70 0.04 0.78 0.26 0.36 0.19 0.64
10
0.80 0.86 0.14 0.57 0.07 0.96 0.95 0.23 0.70 0.11
0.50 0.82 0.04 0.37 0.54 0.55 0.02 0.73 0.29 0.25
10
0.16 0.93 0.54 0.92 0.10 0.45 0.06 0.48 0.59 0.95
0.83 0.65 0.18 0.94 0.71 0.67 0.72 0.46 0.98 0.81
10
0.87 0.79 0.84 0.95 0.89 0.68 0.61 0.97 0.71 0.82
0.45 0.13 0.47 0.34 0.05 0.21 0.03 0.50 0.11 0.58
10
0.64 0.22 0.25 0.58 0.42 0.19 0.39 0.11 0.69 0.28
0.17 0.06 0.08 0.89 0.31 0.78 0.44 0.94 0.50 0.36
10
0.13 0.23 0.39 0.26 0.48 0.32 0.19 0.29 0.55 0.10
0.87 0.68 0.65 0.90 0.94 0.81 0.74 0.61 0.97 0.71
10
0.97 0.41 0.54 0.76 0.84 0.22 0.03 0.38 0.05 0.70
0.11 0.57 0.46 0.65 0.27 0.08 0.73 0.59 0.86 0.19
10
0.49 0.71 0.94 0.80 0.63 0.97 0.51 0.57 0.83 0.74
0.23 0.29 0.17 0.40 0.14 0.09 0.34 0.46 0.03 0.11
4
0.42 0.25 0.08 0.50
0.58 0.75 0.92 0.67
10
0.017 0.509 0.345 0.112 0.698 0.560 0.733 0.233 0.164 0.526
0.216 0.302 0.466 0.569 0.552 0.267 0.914 0.371 0.681 0.422
10
0.63 0.80 0.45 0.98 0.91 0.71 0.93 0.56 0.57 0.77
0.22 0.06 0.07 0.37 0.09 0.38 0.42 0.02 0.36 0.33
10
0.06 0.08 0.86 0.31 0.29 0.61 0.92 0.75 0.12 0.22
0.76 0.24 0.80 0.37 0.53 0.49 0.35 0.20 0.94 0.96
6
0.35 0.31 0.47 0.11 0.51 0.42
0.57 0.87 0.94 0.62 0.96 0.54
6
0.18 0.16 0.03 0.21 0.11 0.13
0.37 0.26 0.39 0.55 0.95 0.76
10
0.075 0.283 0.358 0.242 0.233 0.225 0.150 0.300 0.350 0.467
0.675 0.667 0.783 0.908 0.850 0.558 0.542 0.733 0.975 0.725
7
0.67 0.71 0.87 0.69 0.04 0.03 0.01
0.41 0.09 0.64 0.57 0.66 0.61 0.65
10
0.58 0.75 0.50 0.62 0.67 0.92 0.83 0.79 0.71 0.87
0.42 0.29 0.17 0.38 0.12 0.46 0.04 0.33 0.25 0.21
8
0.04 0.50 0.65 0.88 0.15 0.96 0.54 0.19
0.92 0.27 0.35 0.12 0.31 0.69 0.81 0.85
9
0.85 0.32 0.83 0.45 0.12 0.40 0.84 0.54 0.93
0.96 0.02 0.04 0.71 0.07 0.20 0.66 0.90 0.55
9
0.71 0.74 0.61 0.63 0.79 0.66 0.76 0.87 0.84
0.18 0.26 0.37 0.58 0.16 0.08 0.21 0.32 0.55
10
0.53 0.90 0.88 0.51 0.76 0.77 0.71 0.54 0.56 0.91
0.15 0.11 0.16 0.45 0.17 0.10 0.32 0.03 0.22 0.43
10
0.76 0.85 0.73 0.64 0.97 0.09 0.61 0.79 0.52 0.70
0.03 0.30 0.48 0.82 0.45 0.36 0.21 0.06 0.88 0.33
10
0.85 0.11 0.87 0.45 0.81 0.77 0.71 0.66 0.23 0.19
0.31 0.08 0.68 0.32 0.95 0.76 0.84 0.97 0.34 0.03
10
0.327 0.486 0.065 0.551 0.449 0.477 0.888 0.776 0.009 0.953
0.206 0.121 0.336 0.243 0.944 0.907 0.822 0.991 0.495 0.589
5
0.35 0.53 0.29 0.76 0.82
0.71 0.06 0.88 0.65 0.94
4
0.47 0.24 0.35 0.88
0.41 0.76 0.53 0.06
10
0.06 0.94 0.44 0.92 0.72 0.61 0.50 0.83 0.47 0.75
0.67 0.56 0.28 0.17 0.31 0.42 0.97 0.78 0.33 0.19
10
0.72 0.02 0.63 0.91 0.32 0.17 0.31 0.89 0.22 0.62
0.49 0.25 0.18 0.92 0.85 0.58 0.38 0.34 0.48 0.69
10
0.54 0.71 0.05 0.02 0.86 0.12 0.06 0.82 0.22 0.72
0.57 0.37 0.75 0.78 0.97 0.25 0.48 0.49 0.83 0.45
7
0.68 0.55 0.41 0.05 0.23 0.09 0.32
0.36 0.50 0.82 0.27 0.77 0.59 0.14
1
0.5
0.8
1
0.7
0.3
4
0.91 0.41 0.05 0.95
0.32 0.14 0.45 0.18
