50
10
0.55 0.32 0.56 0.02 0.72 0.80 0.25 0.51 0.48 0.87
0.14 0.44 0.71 0.52 0.06 0.79 0.37 0.21 0.41 0.53
8
0.60 0.65 0.75 0.95 0.40 0.80 0.90 0.30
0.20 0.55 0.10 0.50 0.05 0.70 0.35 0.85
4
0.03 0.56 0.06 0.29
0.85 0.79 0.82 0.68
10
0.56 0.75 0.22 0.97 0.66 0.16 0.59 0.41 0.19 0.81
0.72 0.25 0.31 0.28 0.38 0.47 0.34 0.84 0.03 0.44
1
0.8
0.2
10
0.26 0.68 0.35 0.50 0.62 0.11 0.77 0.94 0.58 0.39
0.74 0.03 0.80 0.23 0.59 0.48 0.95 0.41 0.65 0.86
9
0.16 0.86 0.06 0.29 0.65 0.45 0.41 0.22 0.18
0.55 0.76 0.88 0.75 0.43 0.67 0.94 0.47 0.49
2
0.54 0.38
0.62 0.08
10
0.22 0.52 0.04 0.30 0.09 0.94 0.33 0.14 0.67 0.37
0.61 0.69 0.21 0.28 0.87 0.90 0.54 0.05 0.15 0.92
10
0.21 0.12 0.11 0.10 0.36 0.02 0.23 0.07 0.01 0.22
0.53 0.79 0.88 0.62 0.70 0.43 0.81 0.58 0.41 0.91
10
0.550 0.417 0.525 0.808 0.583 0.533 0.575 0.467 0.908 0.767
0.333 0.325 0.350 0.058 0.317 0.092 0.117 0.175 0.367 0.233
3
0.67 0.33 0.25
0.17 0.08 0.83
10
0.10 0.35 0.18 0.50 0.04 0.15 0.29 0.01 0.47 0.22
0.97 0.72 0.61 0.67 0.69 0.83 0.62 0.85 0.64 0.99
10
0.52 0.24 0.81 0.55 0.71 0.33 0.83 0.25 0.73 0.18
0.54 0.02 0.58 0.80 0.14 0.89 0.90 0.51 0.34 0.97
1
0.2
0.6
10
0.72 0.79 0.28 0.98 0.40 0.91 0.57 0.21 0.15 0.43
0.17 0.85 0.62 0.26 0.38 0.06 0.45 0.96 0.53 0.64
10
0.84 0.51 0.37 0.06 0.21 0.91 0.17 0.13 0.64 0.93
0.69 0.09 0.46 0.52 0.55 0.68 0.41 0.71 0.97 0.08
10
0.167 0.618 0.608 0.294 0.029 0.814 0.353 0.637 0.539 0.843
0.363 0.902 0.500 0.559 0.088 0.422 0.784 0.520 0.755 0.098
10
0.32 0.02 0.30 0.33 0.16 0.05 0.14 0.26 0.12 0.35
0.42 0.68 0.96 0.91 0.70 0.51 0.63 0.67 0.81 0.58
8
0.53 0.49 0.07 0.81 0.93 0.72 0.47 0.08
0.76 0.60 0.61 0.83 0.40 0.46 0.22 0.99
4
0.6 0.7 0.1 0.2
0.3 0.9 0.8 0.4
9
0.75 0.51 0.88 0.69 0.91 0.48 0.53 0.89 0.59
0.25 0.32 0.37 0.26 0.34 0.01 0.42 0.47 0.31
9
0.34 0.05 0.63 0.32 0.18 0.71 0.61 0.03 0.42
0.58 0.68 0.47 0.76 0.37 0.97 0.82 0.39 0.08
10
0.125 0.990 0.029 0.144 0.760 0.173 0.923 0.942 0.154 0.875
0.894 0.163 0.500 0.269 0.240 0.837 0.202 0.192 0.058 0.183
6
0.26 0.34 0.70 0.21 0.28 0.43
0.09 0.49 0.81 0.85 0.62 0.57
7
0.12 0.08 0.04 0.42 0.50 0.17 0.46
0.87 0.67 0.83 0.62 0.92 0.75 0.58
10
0.795 0.017 0.821 0.658 0.094 0.248 0.419 0.214 0.624 0.991
0.009 0.299 0.162 0.940 0.726 0.513 0.436 0.026 0.692 0.120
10
0.44 0.50 0.65 0.88 0.28 0.06 0.62 0.22 0.72 0.69
0.71 0.19 0.32 0.26 0.54 0.49 0.59 0.47 0.57 0.79
10
0.27 0.18 0.08 0.33 0.02 0.07 0.13 0.23 0.29 0.32
0.86 0.99 0.87 0.60 0.37 0.76 0.64 0.42 0.43 0.97
9
0.43 0.34 0.14 0.41 0.70 0.74 0.96 0.78 0.80
0.86 0.91 0.35 0.65 0.95 0.66 0.36 0.16 0.58
10
0.558 0.779 0.654 0.510 0.712 0.519 0.038 0.471 0.096 0.327
0.404 0.298 0.029 0.212 0.125 0.808 0.981 0.260 0.308 0.663
3
0.03 0.42 0.74
0.26 0.68 0.58
1
0.2
0.5
9
0.33 0.72 0.64 0.74 0.97 0.90 0.85 0.77 0.03
0.15 0.36 0.87 0.46 0.13 0.21 0.18 0.38 0.67
10
0.43 0.13 0.17 0.05 0.10 0.42 0.12 0.22 0.33 0.45
0.92 0.80 0.63 0.78 0.50 0.47 0.62 0.60 0.72 0.48
2
0.1 0.6
0.4 0.9
10
0.11 0.59 0.25 0.35 0.24 0.03 0.46 0.54 0.56 0.40
0.70 0.84 0.73 0.89 0.86 0.95 0.87 0.67 0.65 0.71
3
0.31 0.88 0.81
0.06 0.75 0.62
8
0.06 0.51 0.86 0.14 0.48 0.52 0.92 0.87
0.99 0.72 0.44 0.34 0.79 0.97 0.37 0.11
7
0.70 0.04 0.40 0.58 0.22 0.79 0.53
0.91 0.31 0.99 0.96 0.51 0.26 0.16
3
0.83 0.94 0.58
0.33 0.14 0.97
9
0.21 0.84 0.23 0.07 0.95 0.29 0.69 0.15 0.49
0.71 0.09 0.25 0.31 0.98 0.10 0.51 0.74 0.79
1
0.6
0.8
10
0.353 0.445 0.790 0.933 0.815 0.681 0.345 0.866 0.941 0.521
0.311 0.319 0.025 0.185 0.244 0.294 0.067 0.076 0.176 0.235
10
0.53 0.45 0.61 0.57 0.81 0.22 0.24 0.62 0.46 0.69
0.07 0.26 0.82 0.68 0.08 0.50 0.54 0.66 0.74 0.65
10
0.48 0.74 0.35 0.22 0.52 0.13 0.26 0.78 0.09 0.61
0.57 0.30 0.65 0.70 0.39 0.87 0.91 0.83 0.04 0.96
10
0.64 0.25 0.47 0.17 0.67 0.01 0.60 0.42 0.45 0.22
0.40 0.03 0.94 0.52 0.30 0.35 0.79 0.72 0.82 0.65
5
0.37 0.96 0.10 0.21 0.40
0.94 0.65 0.50 0.81 0.35
7
0.67 0.81 0.85 0.22 0.37 0.41 0.48
0.63 0.70 0.74 0.07 0.30 0.15 0.78
10
0.29 0.25 0.46 0.68 0.64 0.32 0.93 0.11 0.57 0.36
0.89 0.86 0.50 0.07 0.82 0.39 0.18 0.71 0.61 0.75
