50
2
0.1 0.7
0.8 0.6
10
0.41 0.84 0.31 0.28 0.68 0.92 0.42 0.74 0.69 0.93
0.39 0.58 0.47 0.72 0.91 0.02 0.29 0.98 0.48 0.67
10
0.69 0.94 0.62 0.80 0.72 0.70 0.54 0.85 0.43 0.90
0.30 0.06 0.31 0.38 0.37 0.22 0.09 0.25 0.13 0.05
10
0.11 0.38 0.26 0.37 0.28 0.78 0.74 0.72 0.12 0.68
0.45 0.63 0.05 0.31 0.46 0.85 0.09 0.49 0.43 0.22
8
0.38 0.28 0.41 0.69 0.31 0.33 0.18 0.79
0.74 0.77 0.97 0.59 0.15 0.21 0.03 0.64
10
0.97 0.30 0.47 0.87 0.32 0.18 0.25 0.22 0.67 0.38
0.85 0.73 0.08 0.17 0.37 0.78 0.58 0.33 0.12 0.82
6
0.44 0.95 0.92 0.66 0.38 0.62
0.09 0.36 0.23 0.22 0.27 0.11
3
0.8 0.2 0.4
0.9 0.3 0.6
10
0.78 0.53 0.27 0.08 0.92 0.12 0.19 0.01 0.73 0.59
0.35 0.76 0.89 0.40 0.22 0.96 0.52 0.06 0.94 0.93
10
0.568 0.514 0.892 0.135 0.856 0.613 0.081 0.883 0.910 0.405
0.838 0.423 0.685 0.739 0.784 0.559 0.072 0.378 0.297 0.468
10
0.28 0.60 0.77 0.82 0.46 0.17 0.48 0.05 0.25 0.69
0.31 0.63 0.92 0.18 0.88 0.52 0.29 0.59 0.40 0.39
10
0.59 0.11 0.72 0.24 0.67 0.16 0.40 0.09 0.41 0.57
0.69 0.85 0.93 0.28 0.12 0.43 0.33 0.64 0.53 0.92
10
0.78 0.16 0.40 0.28 0.33 0.67 0.55 0.76 0.02 0.88
0.62 0.98 0.09 0.24 0.31 0.95 0.38 0.22 0.84 0.57
8
0.14 0.54 0.60 0.46 0.99 0.89 0.59 0.71
0.01 0.53 0.07 0.29 0.77 0.17 0.85 0.24
10
0.83 0.60 0.87 0.56 0.50 0.67 0.81 0.54 0.79 0.65
0.35 0.40 0.12 0.02 0.33 0.06 0.10 0.21 0.31 0.19
10
0.515 0.218 0.010 0.059 0.267 0.475 0.356 0.050 0.287 0.337
0.842 0.554 0.970 0.832 0.901 0.693 0.941 0.881 0.921 0.564
3
0.33 0.27 0.87
0.07 0.20 0.13
4
0.76 0.88 0.82 0.65
0.47 0.06 0.41 0.18
10
0.26 0.44 0.09 0.91 0.23 0.70 0.12 0.88 0.84 0.30
0.37 0.56 0.95 0.14 0.42 0.81 0.53 0.86 0.16 0.63
10
0.486 0.622 0.288 0.099 0.315 0.640 0.063 0.414 0.847 0.360
0.072 0.405 0.162 0.441 0.649 0.802 0.910 0.396 0.694 0.901
4
0.03 0.15 0.76 0.24
0.59 0.71 0.21 0.97
10
0.45 0.66 0.40 0.79 0.70 0.54 0.76 0.72 0.63 0.52
0.21 0.12 0.03 0.22 0.07 0.06 0.33 0.36 0.27 0.31
10
0.75 0.32 0.26 0.28 0.58 0.65 0.21 0.16 0.33 0.39
0.23 0.11 0.05 0.93 0.49 0.63 0.51 0.98 0.12 0.35
10
0.86 0.72 0.88 0.60 0.49 0.59 0.78 0.58 0.67 0.57
0.13 0.11 0.20 0.28 0.26 0.03 0.12 0.39 0.16 0.27
10
0.50 0.45 0.60 0.15 0.73 0.43 0.75 0.21 0.76 0.98
0.74 0.48 0.83 0.46 0.90 0.51 0.67 0.29 0.96 0.65
9
0.547 0.821 0.453 0.594 0.774 0.642 0.538 0.604 0.887
0.340 0.170 0.321 0.208 0.349 0.198 0.443 0.189 0.377
8
0.98 0.78 0.83 0.91 0.89 0.86 0.93 0.77
0.57 0.16 0.67 0.29 0.12 0.50 0.44 0.26
10
0.56 0.72 0.92 0.74 0.64 0.05 0.85 0.18 0.97 0.15
0.31 0.26 0.21 0.77 0.41 0.51 0.10 0.33 0.23 0.62
5
0.33 0.22 0.37 0.10 0.02
0.96 0.84 0.63 0.57 0.98
6
0.14 0.29 0.43 0.79 0.71 0.86
0.50 0.36 0.64 0.57 0.07 0.21
10
0.62 0.03 0.69 0.02 0.28 0.48 0.29 0.35 0.92 0.57
0.55 0.15 0.94 0.72 0.14 0.32 0.40 0.58 0.46 0.26
1
0.33
0.92
10
0.04 0.03 0.23 0.33 0.32 0.10 0.71 0.54 0.36 0.92
0.72 0.05 0.91 0.13 0.14 0.88 0.51 0.56 0.41 0.67
6
0.84 0.47 0.50 0.94 0.91 0.53
0.09 0.22 0.16 0.31 0.25 0.03
1
0.1
0.4
9
0.03 0.16 0.05 0.24 0.21 0.13 0.26 0.11 0.18
0.71 0.89 0.55 0.50 0.29 0.61 0.74 0.47 0.92
10
0.64 0.59 0.77 0.91 0.86 0.95 0.50 0.82 0.73 0.68
0.23 0.27 0.14 0.41 0.32 0.09 0.45 0.36 0.05 0.18
10
0.367 0.675 0.558 0.475 0.058 0.242 0.308 0.450 0.700 0.892
0.350 0.858 0.633 0.775 0.817 0.433 0.400 0.917 0.767 0.583
10
0.07 0.28 0.08 0.15 0.46 0.41 0.47 0.32 0.19 0.05
0.93 0.74 0.50 0.70 0.73 0.85 0.64 0.58 0.99 0.49
10
0.48 0.52 0.70 0.42 0.03 0.24 0.45 0.21 0.94 0.97
0.76 0.15 0.12 0.85 0.36 0.82 0.06 0.27 0.73 0.39
7
0.24 0.52 0.38 0.48 0.10 0.29 0.67
0.43 0.05 0.62 0.86 0.57 0.90 0.14
10
0.280 0.932 0.593 0.186 0.924 0.407 0.915 0.669 0.356 0.754
0.008 0.703 0.314 0.153 0.102 0.763 0.831 0.449 0.712 0.322
9
0.625 0.885 0.519 0.529 0.567 0.077 0.404 0.663 0.250
0.750 0.731 0.913 0.337 0.058 0.981 0.481 0.452 0.019
3
0.41 0.35 0.29
0.76 0.82 0.53
1
0.25
0.42
10
0.18 0.32 0.28 0.16 0.07 0.21 0.42 0.47 0.12 0.49
0.91 0.61 0.56 0.51 0.81 0.93 0.53 0.60 0.79 0.58
10
0.43 0.50 0.36 0.45 0.81 0.52 0.07 0.85 0.27 0.28
0.70 0.80 0.30 0.99 0.10 0.72 0.94 0.35 0.22 0.44
3
0.4 0.1 0.2
0.9 0.6 0.5
10
0.685 0.802 0.883 0.667 0.649 0.838 0.829 0.856 0.676 0.631
0.360 0.207 0.559 0.009 0.405 0.243 0.441 0.396 0.315 0.225
10
0.87 0.10 0.38 0.07 0.14 0.41 0.25 0.82 0.61 0.11
0.19 0.89 0.91 0.77 0.33 0.34 0.96 0.48 0.71 0.84
