50
10
0.93 0.68 0.60 0.66 0.79 0.63 0.55 0.67 0.98 0.61
0.46 0.14 0.11 0.28 0.31 0.37 0.29 0.19 0.53 0.49
1
0.3
0.7
8
0.31 0.42 0.23 0.46 0.19 0.15 0.35 0.04
0.81 0.58 0.69 0.88 0.96 0.73 0.77 0.85
2
0.2 0.3
0.8 0.7
4
0.47 0.21 0.11 0.53
0.58 0.63 0.89 0.79
10
0.91 0.63 0.58 0.84 0.88 0.60 0.93 0.79 0.98 0.77
0.19 0.02 0.14 0.23 0.42 0.26 0.49 0.09 0.05 0.12
1
0.1
0.5
10
0.98 0.49 0.64 0.16 0.31 0.62 0.87 0.18 0.91 0.27
0.13 0.04 0.84 0.44 0.53 0.60 0.73 0.69 0.29 0.67
10
0.04 0.73 0.35 0.02 0.39 0.78 0.94 0.29 0.88 0.20
0.49 0.69 0.37 0.53 0.14 0.08 0.67 0.61 0.51 0.65
1
0.2
0.4
3
0.50 0.25 0.31
0.62 0.69 0.88
10
0.48 0.11 0.62 0.60 0.05 0.16 0.17 0.13 0.85 0.78
0.99 0.02 0.34 0.70 0.18 0.32 0.24 0.82 0.56 0.20
1
0.7
0.3
4
0.04 0.17 0.08 0.21
0.54 0.67 0.62 0.46
1
0.36
0.27
2
0.53 0.67
0.33 0.07
6
0.31 0.88 0.69 0.62 0.12 0.81
0.25 0.06 0.19 0.75 0.94 0.38
9
0.46 0.57 0.61 0.96 0.82 0.64 0.54 0.89 0.75
0.29 0.18 0.14 0.07 0.11 0.21 0.36 0.04 0.43
10
0.38 0.31 0.96 0.48 0.91 0.83 0.14 0.67 0.27 0.11
0.69 0.93 0.22 0.68 0.54 0.12 0.06 0.60 0.75 0.32
7
0.42 0.55 0.16 0.25 0.58 0.03 0.70
0.45 0.28 0.43 0.09 0.50 0.63 0.01
6
0.98 0.34 0.92 0.22 0.30 0.38
0.86 0.96 0.80 0.54 0.76 0.20
10
0.27 0.01 0.41 0.37 0.46 0.17 0.99 0.94 0.31 0.69
0.92 0.44 0.65 0.86 0.75 0.85 0.72 0.83 0.66 0.52
9
0.48 0.20 0.25 0.30 0.08 0.02 0.38 0.62 0.93
0.05 0.10 0.15 0.52 0.98 0.46 0.59 0.80 0.07
7
0.61 0.60 0.51 0.03 0.64 0.48 0.01
0.49 0.27 0.78 0.19 0.25 0.09 0.15
4
0.14 0.71 0.79 0.57
0.86 0.07 0.93 0.36
10
0.81 0.56 0.53 0.93 0.47 0.35 0.49 0.21 0.44 0.19
0.70 0.12 0.65 0.88 0.79 0.84 0.14 0.23 0.40 0.02
10
0.52 0.15 0.41 0.23 0.87 0.51 0.65 0.93 0.72 0.55
0.45 0.96 0.16 0.81 0.69 0.91 0.84 0.40 0.61 0.77
10
0.578 0.500 0.441 0.990 0.686 0.529 0.735 0.618 0.657 0.951
0.186 0.794 0.039 0.637 0.980 0.235 0.608 0.108 0.284 0.294
7
0.26 0.42 0.38 0.64 0.22 0.28 0.78
0.48 0.46 0.04 0.72 0.98 0.20 0.40
6
0.50 0.17 0.24 0.74 0.45 0.38
0.29 0.81 0.83 0.88 0.19 0.93
10
0.75 0.89 0.91 0.65 0.81 0.79 0.94 0.69 0.88 0.64
0.39 0.01 0.52 0.41 0.33 0.62 0.07 0.24 0.42 0.56
10
0.696 0.922 0.961 0.804 0.951 0.431 0.843 0.716 0.814 0.608
0.402 0.363 0.020 0.147 0.196 0.422 0.392 0.137 0.186 0.284
10
0.46 0.44 0.62 0.65 0.08 0.60 0.69 0.83 0.92 0.77
0.88 0.35 0.98 0.31 0.71 0.25 0.33 0.54 0.02 0.19
10
0.33 0.24 0.70 0.87 0.10 0.96 0.86 0.71 0.74 0.90
0.94 0.26 0.67 0.60 0.17 0.77 0.14 0.56 0.06 0.80
7
0.09 0.64 0.96 0.33 0.40 0.58 0.16
0.44 0.04 0.91 0.18 0.51 0.89 0.73
8
0.22 0.26 0.09 0.04 0.48 0.96 0.65 0.17
0.70 0.39 0.13 0.83 0.87 0.30 0.78 0.35
8
0.30 0.06 0.54 0.37 0.97 0.17 0.92 0.96
0.46 0.51 0.56 0.85 0.14 0.59 0.90 0.13
2
0.9 0.1
0.6 0.4
10
0.32 0.28 0.98 0.06 0.83 0.69 0.03 0.52 0.77 0.08
0.85 0.91 0.29 0.60 0.45 0.68 0.02 0.11 0.15 0.34
10
0.63 0.96 0.78 0.56 0.89 0.74 0.85 0.59 0.81 0.70
0.15 0.22 0.44 0.41 0.07 0.52 0.11 0.37 0.33 0.19
4
0.48 0.43 0.62 0.38
0.81 0.86 0.33 0.52
7
0.57 0.46 0.27 0.11 0.50 0.04 0.71
0.73 0.75 0.21 0.96 0.43 0.82 0.89
10
0.40 0.81 0.91 0.53 0.37 0.63 0.19 0.84 0.68 0.11
0.98 0.33 0.39 0.65 0.07 0.95 0.79 0.46 0.18 0.12
9
0.30 0.69 0.74 0.11 0.18 0.92 0.66 0.54 0.95
0.02 0.79 0.21 0.72 0.43 0.20 0.85 0.87 0.64
5
0.76 0.17 0.69 0.21 0.83
0.90 0.97 0.07 0.10 0.45
10
0.43 0.92 0.47 0.96 0.71 0.91 0.79 0.74 0.63 0.93
0.30 0.25 0.16 0.14 0.36 0.21 0.07 0.24 0.22 0.34
2
0.65 0.80
0.05 0.50
5
0.96 0.84 0.36 0.16 0.72
0.28 0.68 0.04 0.92 0.20
6
0.60 0.79 0.11 0.21 0.58 0.71
0.18 0.89 0.63 0.94 0.90 0.39
8
0.92 0.76 0.11 0.32 0.19 0.62 0.38 0.14
0.49 0.08 0.05 0.73 0.46 0.89 0.27 0.51
