50
6
0.57 0.24 0.19 0.95 0.10 0.86
0.76 0.90 0.81 0.38 0.52 0.67
10
0.28 0.05 0.26 0.47 0.11 0.69 0.38 0.17 0.72 0.21
0.63 0.91 0.36 0.46 0.58 0.54 0.67 0.44 0.32 0.51
5
0.62 0.67 0.71 0.75 0.58
0.08 0.25 0.96 0.92 0.83
3
0.19 0.81 0.48
0.90 0.29 0.86
10
0.72 0.36 0.76 0.08 0.32 0.04 0.60 0.16 0.64 0.20
0.28 0.40 0.68 0.88 0.24 0.48 0.56 0.80 0.96 0.92
10
0.88 0.79 0.70 0.85 0.74 0.98 0.89 0.83 0.76 0.71
0.47 0.50 0.39 0.61 0.35 0.14 0.67 0.62 0.36 0.53
10
0.35 0.32 0.84 0.54 0.59 0.30 0.65 0.24 0.73 0.38
0.68 0.62 0.95 0.03 0.97 0.70 0.05 0.43 0.51 0.86
9
0.05 0.59 0.55 0.14 0.64 0.86 0.41 0.77 0.95
0.32 0.73 0.27 0.18 0.68 0.91 0.09 0.82 0.50
10
0.96 0.73 0.80 0.89 0.76 0.87 0.71 0.93 0.67 0.84
0.33 0.20 0.51 0.64 0.24 0.49 0.38 0.56 0.16 0.36
10
0.58 0.20 0.72 0.34 0.44 0.37 0.16 0.89 0.10 0.19
0.28 0.80 0.47 0.69 0.39 0.24 0.97 0.13 0.02 0.22
1
0.7
0.2
3
0.22 0.13 0.30
0.65 0.52 0.04
10
0.03 0.39 0.32 0.29 0.05 0.47 0.13 0.27 0.23 0.15
0.92 0.95 0.77 0.79 0.81 0.68 0.53 0.66 0.89 0.65
7
0.45 0.32 0.23 0.64 0.14 0.27 0.50
0.73 0.09 0.77 0.55 0.18 0.68 0.05
1
0.8
0.7
10
0.47 0.07 0.57 0.94 0.17 0.34 0.36 0.30 0.44 0.80
0.11 0.70 0.24 0.59 0.19 0.14 0.33 0.93 0.37 0.73
10
0.89 0.69 0.49 0.83 0.20 0.26 0.51 0.29 0.74 0.66
0.31 0.63 0.43 0.97 0.71 0.06 0.80 0.77 0.14 0.94
5
0.90 0.95 0.83 0.71 0.76
0.61 0.66 0.39 0.32 0.24
7
0.26 0.73 0.88 0.68 0.04 0.16 0.29
0.37 0.30 0.97 0.70 0.03 0.44 0.90
6
0.28 0.51 0.18 0.41 0.52 0.54
0.75 0.59 0.66 0.62 0.61 0.90
4
0.45 0.18 0.27 0.36
0.91 0.73 0.64 0.82
2
0.62 0.94
0.25 0.75
10
0.138 0.052 0.345 0.534 0.069 0.483 0.198 0.776 0.362 0.129
0.155 0.026 0.991 0.043 0.353 0.397 0.164 0.948 0.259 0.767
5
0.26 0.21 0.63 0.74 0.39
0.05 0.82 0.24 0.11 0.16
1
0.36
0.45
10
0.849 0.832 0.395 0.899 0.613 0.630 0.580 0.353 0.790 0.983
0.109 0.210 0.916 0.882 0.992 0.076 0.924 0.168 0.311 0.328
9
0.52 0.05 0.99 0.49 0.56 0.01 0.26 0.45 0.64
0.14 0.51 0.89 0.21 0.70 0.92 0.18 0.82 0.60
2
0.56 0.06
0.61 0.89
10
0.37 0.24 0.54 0.64 0.34 0.92 0.25 0.49 0.71 0.39
0.88 0.14 0.53 0.73 0.08 0.97 0.17 0.90 0.68 0.36
10
0.870 0.722 0.972 0.657 0.602 0.880 0.954 0.898 0.824 0.926
0.102 0.167 0.528 0.148 0.306 0.407 0.065 0.500 0.491 0.546
10
0.343 0.667 0.593 0.454 0.602 0.269 0.556 0.907 0.491 0.639
0.500 0.231 0.657 0.120 0.565 0.704 0.519 0.574 0.306 0.648
9
0.91 0.79 0.52 0.47 0.55 0.73 0.14 0.20 0.42
0.35 0.06 0.56 0.97 0.64 0.48 0.80 0.68 0.67
10
0.60 0.14 0.17 0.44 0.56 0.55 0.01 0.84 0.82 0.31
0.85 0.94 0.68 0.72 0.52 0.05 0.92 0.25 0.95 0.80
10
0.96 0.02 0.06 0.48 0.79 0.67 0.90 0.71 0.44 0.58
0.42 0.81 0.83 0.35 0.52 0.10 0.29 0.08 0.19 0.46
10
0.29 0.88 0.83 0.90 0.63 0.61 0.73 0.68 0.39 0.93
0.46 0.44 0.20 0.24 0.32 0.22 0.80 0.56 0.54 0.78
7
0.20 0.61 0.53 0.04 0.35 0.41 0.05
0.54 0.49 0.01 0.32 0.91 0.16 0.30
10
0.67 0.78 0.70 0.81 0.74 0.85 0.96 0.93 0.89 0.63
0.48 0.11 0.04 0.52 0.41 0.37 0.33 0.19 0.15 0.56
10
0.74 0.23 0.07 0.80 0.22 0.18 0.09 0.43 0.12 0.68
0.72 0.61 0.82 0.86 0.19 0.03 0.93 0.31 0.66 0.99
10
0.69 0.97 0.84 0.59 0.88 0.62 0.66 0.56 0.72 0.91
0.47 0.16 0.12 0.22 0.09 0.38 0.31 0.50 0.03 0.25
6
0.45 0.39 0.58 0.37 0.76 0.08
0.82 0.74 0.29 0.13 0.61 0.79
1
0.8
0.2
9
0.04 0.27 0.12 0.23 0.35 0.31 0.42 0.08 0.19
0.81 0.92 0.50 0.54 0.46 0.58 0.65 0.85 0.73
10
0.51 0.79 0.66 0.96 0.98 0.91 0.58 0.92 0.94 0.70
0.30 0.43 0.21 0.47 0.34 0.42 0.02 0.04 0.08 0.13
10
0.17 0.83 0.73 0.50 0.27 0.85 0.38 0.80 0.93 0.65
0.22 0.43 0.78 0.55 0.45 0.08 0.70 0.20 0.90 0.53
2
0.65 0.35
0.12 0.59
5
0.85 0.41 0.24 0.38 0.09
0.68 0.82 0.62 0.71 0.18
2
0.50 0.60
0.80 0.35
10
0.63 0.97 0.57 0.77 0.47 0.90 0.73 0.50 0.67 0.80
0.13 0.17 0.03 0.43 0.07 0.23 0.30 0.27 0.37 0.10
3
0.59 0.76 0.38
0.31 0.72 0.45
8
0.11 0.20 0.62 0.60 0.09 0.36 0.40 0.33
0.71 0.44 0.58 0.87 0.47 0.18 0.91 0.76
